0.40453171730041504
2.367706775665283
0.1521592140197754
2.705336570739746
0.09768390655517578
3.2835335731506348
0.3154327869415283
3.1290767192840576
0.7125201225280762
3.8608763217926025
0.43658447265625
4.144201040267944
0.6223900318145752
4.040093183517456
0.7248785495758057
5.25481390953064
0.733555793762207
4.982166051864624
0.41737961769104004
25.05213761329651
0.4122490882873535
9.00869107246399
0.4758167266845703
12.26494812965393
0.6057779788970947
10.686553239822388
0.190321683883667
18.6480233669281
0.2334880828857422
10.939237594604492
0.519805908203125
29.379345417022705
0.8992421627044678
6.01103663444519
0.48404717445373535
10.433113813400269
1.1726584434509277
14.309919834136963
0.2315661907196045
5.631853818893433
0.015533685684204102
6.325719833374023
0.016062498092651367
12.812185525894165
0.010925769805908203
6.49646258354187
0.006858348846435547
10.13396406173706
0.008263587951660156
4.670423269271851
0.012468814849853516
0.015750408172607422
0.008774995803833008
3.7506277561187744
0.009907007217407227
0.0067212581634521484
0.004257678985595703
0.003119945526123047
0.003466367721557617
