1.0549147129058838
0.08664989471435547
0.09286379814147949
0.08182764053344727
0.08100724220275879
0.15143561363220215
0.2500898838043213
0.4703073501586914
0.5327425003051758
0.25831174850463867
0.2683990001678467
0.18557953834533691
0.2926468849182129
0.43697381019592285
0.39709901809692383
0.2102982997894287
0.5180590152740479
0.47809505462646484
0.5785238742828369
0.5022478103637695
0.32616353034973145
0.6268570423126221
0.15168356895446777
0.17403507232666016
0.13837862014770508
0.14695382118225098
0.1985487937927246
0.2764472961425781
0.1964893341064453
0.1672213077545166
1.5831353664398193
0.012833356857299805
1.0047101974487305
0.020238399505615234
0.10275793075561523
0.014451742172241211
0.4730672836303711
0.01025247573852539
0.008173942565917969
0.011770009994506836
0.030280590057373047
0.008019685745239258
0.00877070426940918
0.004481315612792969
0.007121086120605469
0.004605770111083984
0.005439043045043945
0.005913972854614258
0.009057283401489258
0.0054721832275390625
0.008052587509155273
0.0045697689056396484
0.006500959396362305
0.005041599273681641
0.0040476322174072266
0.005614519119262695
0.00420069694519043
0.0047452449798583984
0.004042863845825195
0.003556489944458008
